   1.0000000e+00   3.2960695e+00
   2.0000000e+00   2.2557228e+00
   3.0000000e+00   2.2554371e+00
   4.0000000e+00   2.1681635e+00
   5.0000000e+00   2.1588177e+00
   6.0000000e+00   2.1536000e+00
   7.0000000e+00   2.1823967e+00
   8.0000000e+00   2.1631550e+00
   9.0000000e+00   2.1536000e+00
   1.0000000e+01   2.1626470e+00
   1.1000000e+01   2.1694498e+00
   1.2000000e+01   2.1559962e+00
   1.3000000e+01   2.2176310e+00
   1.4000000e+01   2.1692496e+00
   1.5000000e+01   2.1744590e+00
   1.6000000e+01   2.1669416e+00
   1.7000000e+01   2.1615819e+00
   1.8000000e+01   2.1536000e+00
   1.9000000e+01   2.1638546e+00
   2.0000000e+01   2.1589629e+00
   2.1000000e+01   2.1735314e+00
   2.2000000e+01   2.1673112e+00
   2.3000000e+01   2.1551989e+00
   2.4000000e+01   2.1536000e+00
   2.5000000e+01   2.1552018e+00
   2.6000000e+01   2.1579877e+00
   2.7000000e+01   2.1568982e+00
   2.8000000e+01   2.1536000e+00
   2.9000000e+01   2.1539212e+00
   3.0000000e+01   2.1537785e+00
   3.1000000e+01   2.1539311e+00
   3.2000000e+01   2.1537626e+00
   3.3000000e+01   2.1536000e+00
   3.4000000e+01   2.1536000e+00
   3.5000000e+01   2.1554159e+00
   3.6000000e+01   2.1538527e+00
   3.7000000e+01   2.1536000e+00
   3.8000000e+01   2.1539150e+00
   3.9000000e+01   2.1536000e+00
   4.0000000e+01   2.1536000e+00
