  1.0000000e+000  1.5988451e+002
  2.0000000e+000  4.2707150e+001
  3.0000000e+000  4.2707150e+001
  4.0000000e+000  4.2707150e+001
  5.0000000e+000  4.2707150e+001
  6.0000000e+000  4.2707150e+001
  7.0000000e+000  4.2707150e+001
  8.0000000e+000  4.2707150e+001
  9.0000000e+000  4.2707150e+001
  1.0000000e+001  4.2707150e+001
  1.1000000e+001  4.2707150e+001
  1.2000000e+001  4.2707150e+001
  1.3000000e+001  4.2707150e+001
  1.4000000e+001  4.2707150e+001
  1.5000000e+001  4.2707150e+001
  1.6000000e+001  4.1942611e-008
  1.7000000e+001  4.1942611e-008
  1.8000000e+001  4.1942611e-008
  1.9000000e+001  4.1942611e-008
  2.0000000e+001  4.1942611e-008
  2.1000000e+001  4.1942611e-008
  2.2000000e+001  4.1942611e-008
  2.3000000e+001  4.1942611e-008
  2.4000000e+001  4.1942611e-008
  2.5000000e+001  4.1942611e-008
  2.6000000e+001  4.1942611e-008
  2.7000000e+001  4.1942611e-008
  2.8000000e+001  4.1942611e-008
  2.9000000e+001  4.1942611e-008
  3.0000000e+001  4.1942611e-008
  3.1000000e+001  4.1942611e-008
  3.2000000e+001  4.1942611e-008
  3.3000000e+001  4.1942611e-008
  3.4000000e+001  4.1942611e-008
  3.5000000e+001  4.1942611e-008
  3.6000000e+001  4.1942611e-008
  3.7000000e+001  4.1942611e-008
  3.8000000e+001  4.1942611e-008
  3.9000000e+001  4.1942611e-008
  4.0000000e+001  4.1942611e-008
  4.1000000e+001  4.1942611e-008
  4.2000000e+001  4.1942611e-008
  4.3000000e+001  4.1942611e-008
  4.4000000e+001  4.1942611e-008
  4.5000000e+001  4.1942611e-008
  4.6000000e+001  4.1942611e-008
  4.7000000e+001  4.1942611e-008
  4.8000000e+001  4.1942611e-008
  4.9000000e+001  4.1942611e-008
  5.0000000e+001  4.1942611e-008
  5.1000000e+001  4.1942611e-008
  5.2000000e+001  4.1942611e-008
  5.3000000e+001  4.1942611e-008
  5.4000000e+001  4.1942611e-008
  5.5000000e+001  4.1942611e-008
  5.6000000e+001  4.1942611e-008
  5.7000000e+001  4.1942611e-008
  5.8000000e+001  4.1942611e-008
  5.9000000e+001  4.1942611e-008
  6.0000000e+001  4.1942611e-008
  6.1000000e+001  4.1942611e-008
  6.2000000e+001  4.1942611e-008
  6.3000000e+001  4.1942611e-008
  6.4000000e+001  4.1942611e-008
  6.5000000e+001  4.1942611e-008
  6.6000000e+001  4.1942611e-008
  6.7000000e+001  4.1942611e-008
  6.8000000e+001  4.1942611e-008
  6.9000000e+001  4.1942611e-008
  7.0000000e+001  4.1942611e-008
  7.1000000e+001  4.1942611e-008
  7.2000000e+001  4.1942611e-008
  7.3000000e+001  4.1942611e-008
  7.4000000e+001  4.1942611e-008
  7.5000000e+001  4.1942611e-008
  7.6000000e+001  4.1942611e-008
  7.7000000e+001  4.1942611e-008
  7.8000000e+001  4.1942611e-008
  7.9000000e+001  4.1942611e-008
  8.0000000e+001  4.1942611e-008
  8.1000000e+001  4.1942611e-008
  8.2000000e+001  4.1942611e-008
  8.3000000e+001  4.1942611e-008
  8.4000000e+001  4.1942611e-008
  8.5000000e+001  4.1942611e-008
  8.6000000e+001  4.1942611e-008
  8.7000000e+001  4.1942611e-008
  8.8000000e+001  4.1942611e-008
  8.9000000e+001  4.1942611e-008
  9.0000000e+001  4.1942611e-008
  9.1000000e+001  4.1942611e-008
  9.2000000e+001  4.1942611e-008
  9.3000000e+001  4.1942611e-008
  9.4000000e+001  4.1942611e-008
  9.5000000e+001  4.1942611e-008
  9.6000000e+001  4.1942611e-008
  9.7000000e+001  4.1942611e-008
  9.8000000e+001  4.1942611e-008
  9.9000000e+001  4.1942611e-008
  1.0000000e+002  4.1942611e-008
